+-------+-----+-------+-----+-----+-----+--------+--------------------+-------+-------+---------+-------+-------+-------+-------+--------+-----------+-------------+----------------+------------+
| COUNT | 1XX |  2XX  | 3XX | 4XX | 5XX | METHOD |        URI         |  MIN  |  MAX  |   SUM   |  AVG  |  P90  |  P95  |  P99  | STDDEV | MIN(BODY) |  MAX(BODY)  |   SUM(BODY)    | AVG(BODY)  |
+-------+-----+-------+-----+-----+-----+--------+--------------------+-------+-------+---------+-------+-------+-------+-------+--------+-----------+-------------+----------------+------------+
| 1249  | 0   | 1249  | 0   | 0   | 0   | GET    | /                  | 0.034 | 0.311 | 209.962 | 0.168 | 0.213 | 0.229 | 0.271 | 0.037  | 2630.000  | 6048.000    | 3868151.000    | 3096.998   |
| 19410 | 0   | 19410 | 0   | 0   | 0   | GET    | /image/*           | 0.001 | 0.071 | 153.948 | 0.008 | 0.017 | 0.022 | 0.034 | 0.007  | 32342.000 | 1220980.000 | 6737749639.000 | 347127.751 |
| 1837  | 0   | 1837  | 0   | 0   | 0   | GET    | /posts/*           | 0.002 | 0.411 | 124.422 | 0.068 | 0.263 | 0.303 | 0.355 | 0.090  | 733.000   | 5817.000    | 3341495.000    | 1818.996   |
| 258   | 0   | 258   | 0   | 0   | 0   | GET    | /@                 | 0.029 | 0.356 | 49.913  | 0.193 | 0.261 | 0.278 | 0.328 | 0.050  | 1812.000  | 5470.000    | 841411.000     | 3261.283   |
| 916   | 0   | 0     | 916 | 0   | 0   | POST   | /login             | 0.001 | 0.096 | 24.593  | 0.027 | 0.043 | 0.049 | 0.063 | 0.014  | 0.000     | 0.000       | 0.000          | 0.000      |
| 244   | 0   | 0     | 122 | 122 | 0   | POST   | /                  | 0.002 | 0.150 | 7.263   | 0.030 | 0.075 | 0.085 | 0.141 | 0.030  | 0.000     | 0.000       | 0.000          | 0.000      |
| 142   | 0   | 0     | 142 | 0   | 0   | POST   | /register          | 0.013 | 0.125 | 5.889   | 0.041 | 0.057 | 0.064 | 0.096 | 0.015  | 0.000     | 0.000       | 0.000          | 0.000      |
| 2061  | 0   | 2061  | 0   | 0   | 0   | GET    | /favicon.ico       | 0.001 | 0.041 | 4.749   | 0.002 | 0.005 | 0.008 | 0.014 | 0.003  | 43.000    | 43.000      | 88623.000      | 43.000     |
| 2061  | 0   | 2061  | 0   | 0   | 0   | GET    | /js/timeago.min.js | 0.000 | 0.027 | 4.660   | 0.002 | 0.005 | 0.008 | 0.015 | 0.003  | 1915.000  | 1915.000    | 3946815.000    | 1915.000   |
| 2061  | 0   | 2061  | 0   | 0   | 0   | GET    | /css/style.css     | 0.000 | 0.037 | 4.626   | 0.002 | 0.005 | 0.008 | 0.015 | 0.003  | 1549.000  | 1549.000    | 3192489.000    | 1549.000   |
| 2061  | 0   | 2061  | 0   | 0   | 0   | GET    | /js/main.js        | 0.000 | 0.032 | 4.560   | 0.002 | 0.005 | 0.007 | 0.014 | 0.003  | 1824.000  | 1824.000    | 3759264.000    | 1824.000   |
| 131   | 0   | 0     | 131 | 0   | 0   | POST   | /comment           | 0.006 | 0.065 | 2.443   | 0.019 | 0.034 | 0.040 | 0.063 | 0.011  | 0.000     | 0.000       | 0.000          | 0.000      |
| 266   | 0   | 266   | 0   | 0   | 0   | GET    | /login             | 0.001 | 0.037 | 1.148   | 0.004 | 0.010 | 0.014 | 0.025 | 0.005  | 615.000   | 615.000     | 163590.000     | 615.000    |
| 142   | 0   | 0     | 0   | 142 | 0   | GET    | /admin/banned      | 0.001 | 0.029 | 1.032   | 0.007 | 0.017 | 0.019 | 0.028 | 0.006  | 0.000     | 0.000       | 0.000          | 0.000      |
| 133   | 0   | 0     | 133 | 0   | 0   | GET    | /logout            | 0.001 | 0.027 | 0.676   | 0.005 | 0.011 | 0.014 | 0.026 | 0.005  | 24.000    | 24.000      | 3192.000       | 24.000     |
| 1     | 0   | 1     | 0   | 0   | 0   | GET    | /initialize        | 0.030 | 0.030 | 0.030   | 0.030 | 0.030 | 0.030 | 0.030 | 0.000  | 0.000     | 0.000       | 0.000          | 0.000      |
+-------+-----+-------+-----+-----+-----+--------+--------------------+-------+-------+---------+-------+-------+-------+-------+--------+-----------+-------------+----------------+------------+
