+-------+-----+-------+------+-----+-----+--------+--------------------+-------+-------+---------+-------+-------+-------+-------+--------+-----------+-------------+----------------+------------+
| COUNT | 1XX |  2XX  | 3XX  | 4XX | 5XX | METHOD |        URI         |  MIN  |  MAX  |   SUM   |  AVG  |  P90  |  P95  |  P99  | STDDEV | MIN(BODY) |  MAX(BODY)  |   SUM(BODY)    | AVG(BODY)  |
+-------+-----+-------+------+-----+-----+--------+--------------------+-------+-------+---------+-------+-------+-------+-------+--------+-----------+-------------+----------------+------------+
| 2006  | 0   | 2006  | 0    | 0   | 0   | GET    | /                  | 0.019 | 0.326 | 260.688 | 0.130 | 0.177 | 0.203 | 0.234 | 0.037  | 2641.000  | 6076.000    | 6358516.000    | 3169.749   |
| 1965  | 0   | 1965  | 0    | 0   | 0   | GET    | /@                 | 0.015 | 0.136 | 127.956 | 0.065 | 0.087 | 0.095 | 0.115 | 0.017  | 0.000     | 0.000       | 0.000          | 0.000      |
| 539   | 0   | 539   | 0    | 0   | 0   | GET    | /posts/*           | 0.001 | 0.450 | 101.117 | 0.188 | 0.293 | 0.310 | 0.346 | 0.111  | 749.000   | 5786.000    | 2248214.000    | 4171.083   |
| 1447  | 0   | 0     | 1447 | 0   | 0   | POST   | /login             | 0.001 | 0.089 | 44.621  | 0.031 | 0.049 | 0.054 | 0.065 | 0.015  | 0.000     | 0.000       | 0.000          | 0.000      |
| 278   | 0   | 0     | 139  | 139 | 0   | POST   | /                  | 0.001 | 0.144 | 7.873   | 0.028 | 0.082 | 0.097 | 0.118 | 0.031  | 0.000     | 0.000       | 0.000          | 0.000      |
| 171   | 0   | 0     | 171  | 0   | 0   | POST   | /register          | 0.013 | 0.109 | 7.830   | 0.046 | 0.063 | 0.067 | 0.102 | 0.014  | 0.000     | 0.000       | 0.000          | 0.000      |
| 30719 | 0   | 30719 | 0    | 0   | 0   | GET    | /image/*           | 0.000 | 0.032 | 4.144   | 0.000 | 0.000 | 0.000 | 0.004 | 0.001  | 39440.000 | 1155373.000 | 9736550477.000 | 316955.320 |
| 494   | 0   | 494   | 0    | 0   | 0   | GET    | /login             | 0.001 | 0.029 | 1.864   | 0.004 | 0.008 | 0.013 | 0.024 | 0.004  | 615.000   | 615.000     | 303810.000     | 615.000    |
| 247   | 0   | 0     | 247  | 0   | 0   | GET    | /logout            | 0.001 | 0.033 | 1.298   | 0.005 | 0.014 | 0.018 | 0.031 | 0.006  | 24.000    | 24.000      | 5928.000       | 24.000     |
| 171   | 0   | 0     | 0    | 171 | 0   | GET    | /admin/banned      | 0.001 | 0.033 | 1.019   | 0.006 | 0.014 | 0.018 | 0.030 | 0.006  | 0.000     | 0.000       | 0.000          | 0.000      |
| 1     | 0   | 1     | 0    | 0   | 0   | GET    | /initialize        | 0.466 | 0.466 | 0.466   | 0.466 | 0.466 | 0.466 | 0.466 | 0.000  | 0.000     | 0.000       | 0.000          | 0.000      |
| 2837  | 0   | 2837  | 0    | 0   | 0   | GET    | /favicon.ico       | 0.000 | 0.000 | 0.000   | 0.000 | 0.000 | 0.000 | 0.000 | 0.000  | 43.000    | 43.000      | 121991.000     | 43.000     |
| 2837  | 0   | 2837  | 0    | 0   | 0   | GET    | /js/timeago.min.js | 0.000 | 0.000 | 0.000   | 0.000 | 0.000 | 0.000 | 0.000 | 0.000  | 1915.000  | 1915.000    | 5432855.000    | 1915.000   |
| 2837  | 0   | 2837  | 0    | 0   | 0   | GET    | /js/main.js        | 0.000 | 0.000 | 0.000   | 0.000 | 0.000 | 0.000 | 0.000 | 0.000  | 1824.000  | 1824.000    | 5174688.000    | 1824.000   |
| 2837  | 0   | 2837  | 0    | 0   | 0   | GET    | /css/style.css     | 0.000 | 0.000 | 0.000   | 0.000 | 0.000 | 0.000 | 0.000 | 0.000  | 1549.000  | 1549.000    | 4394513.000    | 1549.000   |
+-------+-----+-------+------+-----+-----+--------+--------------------+-------+-------+---------+-------+-------+-------+-------+--------+-----------+-------------+----------------+------------+
