+-------+-----+-------+------+-----+-----+--------+--------------------+-------+-------+---------+-------+-------+-------+-------+--------+-----------+-------------+-----------------+------------+
| COUNT | 1XX |  2XX  | 3XX  | 4XX | 5XX | METHOD |        URI         |  MIN  |  MAX  |   SUM   |  AVG  |  P90  |  P95  |  P99  | STDDEV | MIN(BODY) |  MAX(BODY)  |    SUM(BODY)    | AVG(BODY)  |
+-------+-----+-------+------+-----+-----+--------+--------------------+-------+-------+---------+-------+-------+-------+-------+--------+-----------+-------------+-----------------+------------+
| 2176  | 0   | 2176  | 0    | 0   | 0   | GET    | /                  | 0.021 | 0.234 | 242.326 | 0.111 | 0.152 | 0.175 | 0.200 | 0.031  | 2666.000  | 6072.000    | 6900978.000     | 3171.405   |
| 3175  | 0   | 3175  | 0    | 0   | 0   | GET    | /posts/*           | 0.001 | 0.339 | 165.113 | 0.052 | 0.199 | 0.223 | 0.253 | 0.068  | 716.000   | 5789.000    | 5972253.000     | 1881.025   |
| 430   | 0   | 430   | 0    | 0   | 0   | GET    | /@                 | 0.016 | 0.233 | 50.650  | 0.118 | 0.168 | 0.178 | 0.198 | 0.036  | 1567.000  | 5353.000    | 1400028.000     | 3255.879   |
| 1542  | 0   | 0     | 1542 | 0   | 0   | POST   | /login             | 0.001 | 0.069 | 37.463  | 0.024 | 0.039 | 0.046 | 0.054 | 0.012  | 0.000     | 0.000       | 0.000           | 0.000      |
| 38932 | 0   | 38932 | 0    | 0   | 0   | GET    | /image/*           | 0.000 | 0.048 | 13.963  | 0.000 | 0.000 | 0.002 | 0.008 | 0.002  | 32329.000 | 1090799.000 | 12413057797.000 | 318839.458 |
| 328   | 0   | 0     | 164  | 164 | 0   | POST   | /                  | 0.001 | 0.130 | 8.159   | 0.025 | 0.069 | 0.079 | 0.110 | 0.028  | 0.000     | 0.000       | 0.000           | 0.000      |
| 204   | 0   | 0     | 204  | 0   | 0   | POST   | /register          | 0.013 | 0.103 | 7.668   | 0.038 | 0.055 | 0.066 | 0.079 | 0.014  | 0.000     | 0.000       | 0.000           | 0.000      |
| 197   | 0   | 0     | 197  | 0   | 0   | POST   | /comment           | 0.004 | 0.083 | 2.756   | 0.014 | 0.022 | 0.036 | 0.068 | 0.010  | 0.000     | 0.000       | 0.000           | 0.000      |
| 542   | 0   | 542   | 0    | 0   | 0   | GET    | /login             | 0.000 | 0.029 | 1.814   | 0.003 | 0.007 | 0.010 | 0.018 | 0.004  | 615.000   | 615.000     | 333330.000      | 615.000    |
| 271   | 0   | 0     | 271  | 0   | 0   | GET    | /logout            | 0.001 | 0.063 | 1.064   | 0.004 | 0.008 | 0.013 | 0.028 | 0.006  | 24.000    | 24.000      | 6504.000        | 24.000     |
| 204   | 0   | 0     | 0    | 204 | 0   | GET    | /admin/banned      | 0.001 | 0.029 | 0.902   | 0.004 | 0.009 | 0.012 | 0.019 | 0.004  | 0.000     | 0.000       | 0.000           | 0.000      |
| 1     | 0   | 1     | 0    | 0   | 0   | GET    | /initialize        | 0.366 | 0.366 | 0.366   | 0.366 | 0.366 | 0.366 | 0.366 | 0.000  | 0.000     | 0.000       | 0.000           | 0.000      |
| 3830  | 0   | 3830  | 0    | 0   | 0   | GET    | /favicon.ico       | 0.000 | 0.000 | 0.000   | 0.000 | 0.000 | 0.000 | 0.000 | 0.000  | 43.000    | 43.000      | 164690.000      | 43.000     |
| 3830  | 0   | 3830  | 0    | 0   | 0   | GET    | /js/timeago.min.js | 0.000 | 0.000 | 0.000   | 0.000 | 0.000 | 0.000 | 0.000 | 0.000  | 1915.000  | 1915.000    | 7334450.000     | 1915.000   |
| 3830  | 0   | 3830  | 0    | 0   | 0   | GET    | /js/main.js        | 0.000 | 0.000 | 0.000   | 0.000 | 0.000 | 0.000 | 0.000 | 0.000  | 1824.000  | 1824.000    | 6985920.000     | 1824.000   |
| 3830  | 0   | 3830  | 0    | 0   | 0   | GET    | /css/style.css     | 0.000 | 0.000 | 0.000   | 0.000 | 0.000 | 0.000 | 0.000 | 0.000  | 1549.000  | 1549.000    | 5932670.000     | 1549.000   |
+-------+-----+-------+------+-----+-----+--------+--------------------+-------+-------+---------+-------+-------+-------+-------+--------+-----------+-------------+-----------------+------------+
