+-------+-----+-------+------+-----+-----+--------+--------------------+-------+-------+---------+-------+-------+-------+-------+--------+-----------+-------------+----------------+------------+
| COUNT | 1XX |  2XX  | 3XX  | 4XX | 5XX | METHOD |        URI         |  MIN  |  MAX  |   SUM   |  AVG  |  P90  |  P95  |  P99  | STDDEV | MIN(BODY) |  MAX(BODY)  |   SUM(BODY)    | AVG(BODY)  |
+-------+-----+-------+------+-----+-----+--------+--------------------+-------+-------+---------+-------+-------+-------+-------+--------+-----------+-------------+----------------+------------+
| 1541  | 0   | 1541  | 0    | 0   | 0   | GET    | /                  | 0.020 | 0.270 | 195.660 | 0.127 | 0.168 | 0.187 | 0.230 | 0.031  | 2634.000  | 6073.000    | 4859049.000    | 3153.179   |
| 23820 | 0   | 23820 | 0    | 0   | 0   | GET    | /image/*           | 0.001 | 0.211 | 156.104 | 0.007 | 0.012 | 0.015 | 0.022 | 0.005  | 34803.000 | 1090821.000 | 7508507470.000 | 315218.618 |
| 2322  | 0   | 2322  | 0    | 0   | 0   | GET    | /posts/*           | 0.001 | 0.356 | 125.919 | 0.054 | 0.216 | 0.256 | 0.287 | 0.073  | 708.000   | 5786.000    | 4123740.000    | 1775.943   |
| 329   | 0   | 329   | 0    | 0   | 0   | GET    | /@                 | 0.080 | 0.292 | 56.178  | 0.171 | 0.218 | 0.243 | 0.278 | 0.039  | 1654.000  | 5531.000    | 1078913.000    | 3279.371   |
| 1130  | 0   | 0     | 1130 | 0   | 0   | POST   | /login             | 0.001 | 0.065 | 29.194  | 0.026 | 0.040 | 0.044 | 0.055 | 0.012  | 0.000     | 0.000       | 0.000          | 0.000      |
| 296   | 0   | 0     | 148  | 148 | 0   | POST   | /                  | 0.001 | 0.100 | 7.751   | 0.026 | 0.069 | 0.077 | 0.097 | 0.025  | 0.000     | 0.000       | 0.000          | 0.000      |
| 178   | 0   | 0     | 178  | 0   | 0   | POST   | /register          | 0.014 | 0.067 | 7.022   | 0.039 | 0.054 | 0.058 | 0.066 | 0.010  | 0.000     | 0.000       | 0.000          | 0.000      |
| 158   | 0   | 0     | 158  | 0   | 0   | POST   | /comment           | 0.005 | 0.073 | 2.346   | 0.015 | 0.021 | 0.025 | 0.060 | 0.008  | 0.000     | 0.000       | 0.000          | 0.000      |
| 332   | 0   | 332   | 0    | 0   | 0   | GET    | /login             | 0.001 | 0.013 | 1.040   | 0.003 | 0.006 | 0.008 | 0.011 | 0.002  | 615.000   | 615.000     | 204180.000     | 615.000    |
| 178   | 0   | 0     | 0    | 178 | 0   | GET    | /admin/banned      | 0.001 | 0.025 | 0.933   | 0.005 | 0.009 | 0.011 | 0.022 | 0.004  | 0.000     | 0.000       | 0.000          | 0.000      |
| 1     | 0   | 1     | 0    | 0   | 0   | GET    | /initialize        | 0.664 | 0.664 | 0.664   | 0.664 | 0.664 | 0.664 | 0.664 | 0.000  | 0.000     | 0.000       | 0.000          | 0.000      |
| 166   | 0   | 0     | 166  | 0   | 0   | GET    | /logout            | 0.001 | 0.022 | 0.538   | 0.003 | 0.007 | 0.009 | 0.017 | 0.003  | 24.000    | 24.000      | 3984.000       | 24.000     |
| 2637  | 0   | 2637  | 0    | 0   | 0   | GET    | /favicon.ico       | 0.000 | 0.000 | 0.000   | 0.000 | 0.000 | 0.000 | 0.000 | 0.000  | 43.000    | 43.000      | 113391.000     | 43.000     |
| 2637  | 0   | 2637  | 0    | 0   | 0   | GET    | /js/timeago.min.js | 0.000 | 0.000 | 0.000   | 0.000 | 0.000 | 0.000 | 0.000 | 0.000  | 1915.000  | 1915.000    | 5049855.000    | 1915.000   |
| 2637  | 0   | 2637  | 0    | 0   | 0   | GET    | /js/main.js        | 0.000 | 0.000 | 0.000   | 0.000 | 0.000 | 0.000 | 0.000 | 0.000  | 1824.000  | 1824.000    | 4809888.000    | 1824.000   |
| 2637  | 0   | 2637  | 0    | 0   | 0   | GET    | /css/style.css     | 0.000 | 0.000 | 0.000   | 0.000 | 0.000 | 0.000 | 0.000 | 0.000  | 1549.000  | 1549.000    | 4084713.000    | 1549.000   |
+-------+-----+-------+------+-----+-----+--------+--------------------+-------+-------+---------+-------+-------+-------+-------+--------+-----------+-------------+----------------+------------+
