+-------+-----+-------+------+-----+-----+--------+--------------------+-------+-------+---------+-------+-------+-------+-------+--------+-----------+-------------+-----------------+------------+
| COUNT | 1XX |  2XX  | 3XX  | 4XX | 5XX | METHOD |        URI         |  MIN  |  MAX  |   SUM   |  AVG  |  P90  |  P95  |  P99  | STDDEV | MIN(BODY) |  MAX(BODY)  |    SUM(BODY)    | AVG(BODY)  |
+-------+-----+-------+------+-----+-----+--------+--------------------+-------+-------+---------+-------+-------+-------+-------+--------+-----------+-------------+-----------------+------------+
| 2354  | 0   | 2354  | 0    | 0   | 0   | GET    | /                  | 0.013 | 0.205 | 202.324 | 0.086 | 0.124 | 0.136 | 0.171 | 0.029  | 2663.000  | 6073.000    | 7384720.000     | 3137.094   |
| 3504  | 0   | 3504  | 0    | 0   | 0   | GET    | /posts/*           | 0.002 | 0.252 | 154.897 | 0.044 | 0.155 | 0.177 | 0.202 | 0.054  | 707.000   | 5873.000    | 6636252.000     | 1893.908   |
| 496   | 0   | 496   | 0    | 0   | 0   | GET    | /@                 | 0.012 | 0.186 | 44.957  | 0.091 | 0.133 | 0.150 | 0.174 | 0.031  | 1598.000  | 5373.000    | 1616361.000     | 3258.792   |
| 1667  | 0   | 0     | 1667 | 0   | 0   | POST   | /login             | 0.001 | 0.089 | 43.918  | 0.026 | 0.043 | 0.048 | 0.061 | 0.013  | 0.000     | 0.000       | 0.000           | 0.000      |
| 41276 | 0   | 41276 | 0    | 0   | 0   | GET    | /image/*           | 0.000 | 0.047 | 13.968  | 0.000 | 0.000 | 0.002 | 0.009 | 0.002  | 32329.000 | 1265181.000 | 14697880825.000 | 356087.819 |
| 352   | 0   | 0     | 176  | 176 | 0   | POST   | /                  | 0.001 | 0.133 | 11.570  | 0.033 | 0.090 | 0.099 | 0.127 | 0.036  | 0.000     | 0.000       | 0.000           | 0.000      |
| 243   | 0   | 0     | 243  | 0   | 0   | POST   | /register          | 0.014 | 0.087 | 9.800   | 0.040 | 0.063 | 0.070 | 0.082 | 0.014  | 0.000     | 0.000       | 0.000           | 0.000      |
| 238   | 0   | 0     | 238  | 0   | 0   | POST   | /comment           | 0.006 | 0.051 | 3.558   | 0.015 | 0.029 | 0.038 | 0.049 | 0.009  | 0.000     | 0.000       | 0.000           | 0.000      |
| 556   | 0   | 556   | 0    | 0   | 0   | GET    | /login             | 0.001 | 0.033 | 2.705   | 0.005 | 0.011 | 0.016 | 0.025 | 0.005  | 615.000   | 615.000     | 341940.000      | 615.000    |
| 278   | 0   | 0     | 278  | 0   | 0   | GET    | /logout            | 0.001 | 0.038 | 2.038   | 0.007 | 0.018 | 0.023 | 0.033 | 0.007  | 24.000    | 24.000      | 6672.000        | 24.000     |
| 243   | 0   | 0     | 0    | 243 | 0   | GET    | /admin/banned      | 0.001 | 0.032 | 1.222   | 0.005 | 0.011 | 0.014 | 0.030 | 0.005  | 0.000     | 0.000       | 0.000           | 0.000      |
| 1     | 0   | 1     | 0    | 0   | 0   | GET    | /initialize        | 0.869 | 0.869 | 0.869   | 0.869 | 0.869 | 0.869 | 0.869 | 0.000  | 0.000     | 0.000       | 0.000           | 0.000      |
| 4106  | 0   | 4106  | 0    | 0   | 0   | GET    | /favicon.ico       | 0.000 | 0.000 | 0.000   | 0.000 | 0.000 | 0.000 | 0.000 | 0.000  | 43.000    | 43.000      | 176558.000      | 43.000     |
| 4106  | 0   | 4106  | 0    | 0   | 0   | GET    | /js/timeago.min.js | 0.000 | 0.000 | 0.000   | 0.000 | 0.000 | 0.000 | 0.000 | 0.000  | 1915.000  | 1915.000    | 7862990.000     | 1915.000   |
| 4106  | 0   | 4106  | 0    | 0   | 0   | GET    | /js/main.js        | 0.000 | 0.000 | 0.000   | 0.000 | 0.000 | 0.000 | 0.000 | 0.000  | 1824.000  | 1824.000    | 7489344.000     | 1824.000   |
| 4106  | 0   | 4106  | 0    | 0   | 0   | GET    | /css/style.css     | 0.000 | 0.000 | 0.000   | 0.000 | 0.000 | 0.000 | 0.000 | 0.000  | 1549.000  | 1549.000    | 6360194.000     | 1549.000   |
+-------+-----+-------+------+-----+-----+--------+--------------------+-------+-------+---------+-------+-------+-------+-------+--------+-----------+-------------+-----------------+------------+
