+-------+-----+-------+------+-----+-----+--------+--------------------+-------+-------+---------+-------+-------+-------+-------+--------+-----------+-------------+-----------------+------------+
| COUNT | 1XX |  2XX  | 3XX  | 4XX | 5XX | METHOD |        URI         |  MIN  |  MAX  |   SUM   |  AVG  |  P90  |  P95  |  P99  | STDDEV | MIN(BODY) |  MAX(BODY)  |    SUM(BODY)    | AVG(BODY)  |
+-------+-----+-------+------+-----+-----+--------+--------------------+-------+-------+---------+-------+-------+-------+-------+--------+-----------+-------------+-----------------+------------+
| 2438  | 0   | 2438  | 0    | 0   | 0   | GET    | /                  | 0.015 | 0.233 | 211.236 | 0.087 | 0.123 | 0.138 | 0.169 | 0.028  | 2592.000  | 6072.000    | 7525070.000     | 3086.575   |
| 3671  | 0   | 3671  | 0    | 0   | 0   | GET    | /posts/*           | 0.001 | 0.259 | 156.997 | 0.043 | 0.157 | 0.178 | 0.207 | 0.054  | 708.000   | 5837.000    | 6933338.000     | 1888.678   |
| 508   | 0   | 508   | 0    | 0   | 0   | GET    | /@                 | 0.012 | 0.221 | 46.841  | 0.092 | 0.134 | 0.147 | 0.164 | 0.032  | 1402.000  | 5536.000    | 1653120.000     | 3254.173   |
| 1705  | 0   | 0     | 1705 | 0   | 0   | POST   | /login             | 0.013 | 0.104 | 45.382  | 0.027 | 0.044 | 0.050 | 0.061 | 0.014  | 0.000     | 0.000       | 0.000           | 0.000      |
| 43417 | 0   | 43417 | 0    | 0   | 0   | GET    | /image/*           | 0.000 | 0.057 | 14.381  | 0.000 | 0.000 | 0.002 | 0.008 | 0.002  | 31873.000 | 1197974.000 | 13882772413.000 | 319754.299 |
| 366   | 0   | 0     | 183  | 183 | 0   | POST   | /                  | 0.001 | 0.146 | 11.312  | 0.031 | 0.090 | 0.103 | 0.123 | 0.035  | 0.000     | 0.000       | 0.000           | 0.000      |
| 240   | 0   | 0     | 240  | 0   | 0   | POST   | /register          | 0.013 | 0.107 | 9.893   | 0.041 | 0.062 | 0.072 | 0.090 | 0.016  | 0.000     | 0.000       | 0.000           | 0.000      |
| 241   | 0   | 0     | 241  | 0   | 0   | POST   | /comment           | 0.006 | 0.100 | 3.889   | 0.016 | 0.030 | 0.039 | 0.052 | 0.011  | 0.000     | 0.000       | 0.000           | 0.000      |
| 572   | 0   | 572   | 0    | 0   | 0   | GET    | /login             | 0.001 | 0.032 | 2.621   | 0.005 | 0.011 | 0.016 | 0.026 | 0.005  | 615.000   | 615.000     | 351780.000      | 615.000    |
| 286   | 0   | 0     | 286  | 0   | 0   | GET    | /logout            | 0.001 | 0.060 | 2.008   | 0.007 | 0.018 | 0.023 | 0.032 | 0.008  | 24.000    | 24.000      | 6864.000        | 24.000     |
| 240   | 0   | 0     | 0    | 240 | 0   | GET    | /admin/banned      | 0.001 | 0.032 | 1.062   | 0.004 | 0.009 | 0.012 | 0.024 | 0.004  | 0.000     | 0.000       | 0.000           | 0.000      |
| 1     | 0   | 1     | 0    | 0   | 0   | GET    | /initialize        | 0.487 | 0.487 | 0.487   | 0.487 | 0.487 | 0.487 | 0.487 | 0.000  | 0.000     | 0.000       | 0.000           | 0.000      |
| 4325  | 0   | 4325  | 0    | 0   | 0   | GET    | /favicon.ico       | 0.000 | 0.000 | 0.000   | 0.000 | 0.000 | 0.000 | 0.000 | 0.000  | 43.000    | 43.000      | 185975.000      | 43.000     |
| 4325  | 0   | 4325  | 0    | 0   | 0   | GET    | /js/timeago.min.js | 0.000 | 0.000 | 0.000   | 0.000 | 0.000 | 0.000 | 0.000 | 0.000  | 1915.000  | 1915.000    | 8282375.000     | 1915.000   |
| 4325  | 0   | 4325  | 0    | 0   | 0   | GET    | /js/main.js        | 0.000 | 0.000 | 0.000   | 0.000 | 0.000 | 0.000 | 0.000 | 0.000  | 1824.000  | 1824.000    | 7888800.000     | 1824.000   |
| 4325  | 0   | 4325  | 0    | 0   | 0   | GET    | /css/style.css     | 0.000 | 0.000 | 0.000   | 0.000 | 0.000 | 0.000 | 0.000 | 0.000  | 1549.000  | 1549.000    | 6699425.000     | 1549.000   |
+-------+-----+-------+------+-----+-----+--------+--------------------+-------+-------+---------+-------+-------+-------+-------+--------+-----------+-------------+-----------------+------------+
