+-------+-----+-------+------+-----+-----+--------+--------------------+-------+-------+---------+-------+-------+-------+-------+--------+-----------+-------------+-----------------+------------+
| COUNT | 1XX |  2XX  | 3XX  | 4XX | 5XX | METHOD |        URI         |  MIN  |  MAX  |   SUM   |  AVG  |  P90  |  P95  |  P99  | STDDEV | MIN(BODY) |  MAX(BODY)  |    SUM(BODY)    | AVG(BODY)  |
+-------+-----+-------+------+-----+-----+--------+--------------------+-------+-------+---------+-------+-------+-------+-------+--------+-----------+-------------+-----------------+------------+
| 2107  | 0   | 2107  | 0    | 0   | 0   | GET    | /                  | 0.019 | 0.249 | 238.269 | 0.113 | 0.151 | 0.172 | 0.207 | 0.030  | 2588.000  | 6073.000    | 6515901.000     | 3092.502   |
| 2971  | 0   | 2971  | 0    | 0   | 0   | GET    | /posts/*           | 0.001 | 0.342 | 158.959 | 0.054 | 0.206 | 0.234 | 0.263 | 0.071  | 711.000   | 5801.000    | 5629364.000     | 1894.771   |
| 402   | 0   | 402   | 0    | 0   | 0   | GET    | /@                 | 0.028 | 0.297 | 61.095  | 0.152 | 0.200 | 0.213 | 0.235 | 0.037  | 1625.000  | 5294.000    | 1278748.000     | 3180.965   |
| 1497  | 0   | 0     | 1497 | 0   | 0   | POST   | /login             | 0.015 | 0.068 | 37.757  | 0.025 | 0.041 | 0.046 | 0.057 | 0.013  | 0.000     | 0.000       | 0.000           | 0.000      |
| 37384 | 0   | 37384 | 0    | 0   | 0   | GET    | /image/*           | 0.000 | 0.075 | 14.153  | 0.000 | 0.000 | 0.002 | 0.009 | 0.002  | 34395.000 | 1155356.000 | 12381272355.000 | 331191.749 |
| 328   | 0   | 0     | 164  | 164 | 0   | POST   | /                  | 0.001 | 0.142 | 7.956   | 0.024 | 0.072 | 0.081 | 0.102 | 0.027  | 0.000     | 0.000       | 0.000           | 0.000      |
| 200   | 0   | 0     | 200  | 0   | 0   | POST   | /register          | 0.013 | 0.085 | 7.646   | 0.038 | 0.051 | 0.056 | 0.071 | 0.011  | 0.000     | 0.000       | 0.000           | 0.000      |
| 177   | 0   | 0     | 177  | 0   | 0   | POST   | /comment           | 0.005 | 0.119 | 2.490   | 0.014 | 0.023 | 0.026 | 0.042 | 0.010  | 0.000     | 0.000       | 0.000           | 0.000      |
| 528   | 0   | 528   | 0    | 0   | 0   | GET    | /login             | 0.008 | 0.026 | 1.863   | 0.004 | 0.007 | 0.012 | 0.019 | 0.004  | 615.000   | 615.000     | 324720.000      | 615.000    |
| 264   | 0   | 0     | 264  | 0   | 0   | GET    | /logout            | 0.001 | 0.027 | 0.962   | 0.004 | 0.008 | 0.011 | 0.017 | 0.004  | 24.000    | 24.000      | 6336.000        | 24.000     |
| 200   | 0   | 0     | 0    | 200 | 0   | GET    | /admin/banned      | 0.001 | 0.022 | 0.826   | 0.004 | 0.008 | 0.012 | 0.019 | 0.004  | 0.000     | 0.000       | 0.000           | 0.000      |
| 1     | 0   | 1     | 0    | 0   | 0   | GET    | /initialize        | 0.431 | 0.431 | 0.431   | 0.431 | 0.431 | 0.431 | 0.431 | 0.000  | 0.000     | 0.000       | 0.000           | 0.000      |
| 3617  | 0   | 3617  | 0    | 0   | 0   | GET    | /favicon.ico       | 0.000 | 0.000 | 0.000   | 0.000 | 0.000 | 0.000 | 0.000 | 0.000  | 43.000    | 43.000      | 155531.000      | 43.000     |
| 3617  | 0   | 3617  | 0    | 0   | 0   | GET    | /js/timeago.min.js | 0.000 | 0.000 | 0.000   | 0.000 | 0.000 | 0.000 | 0.000 | 0.000  | 1915.000  | 1915.000    | 6926555.000     | 1915.000   |
| 3617  | 0   | 3617  | 0    | 0   | 0   | GET    | /js/main.js        | 0.000 | 0.000 | 0.000   | 0.000 | 0.000 | 0.000 | 0.000 | 0.000  | 1824.000  | 1824.000    | 6597408.000     | 1824.000   |
| 3617  | 0   | 3617  | 0    | 0   | 0   | GET    | /css/style.css     | 0.000 | 0.000 | 0.000   | 0.000 | 0.000 | 0.000 | 0.000 | 0.000  | 1549.000  | 1549.000    | 5602733.000     | 1549.000   |
+-------+-----+-------+------+-----+-----+--------+--------------------+-------+-------+---------+-------+-------+-------+-------+--------+-----------+-------------+-----------------+------------+
