+-------+-----+-------+-----+-----+-----+--------+--------------------+-------+-------+---------+-------+-------+-------+-------+--------+-----------+-------------+----------------+------------+
| COUNT | 1XX |  2XX  | 3XX | 4XX | 5XX | METHOD |        URI         |  MIN  |  MAX  |   SUM   |  AVG  |  P90  |  P95  |  P99  | STDDEV | MIN(BODY) |  MAX(BODY)  |   SUM(BODY)    | AVG(BODY)  |
+-------+-----+-------+-----+-----+-----+--------+--------------------+-------+-------+---------+-------+-------+-------+-------+--------+-----------+-------------+----------------+------------+
| 1239  | 0   | 1239  | 0   | 0   | 0   | GET    | /                  | 0.029 | 0.324 | 218.378 | 0.176 | 0.223 | 0.244 | 0.280 | 0.038  | 2580.000  | 6049.000    | 3823273.000    | 3085.773   |
| 19538 | 0   | 19538 | 0   | 0   | 0   | GET    | /image/*           | 0.000 | 0.207 | 147.363 | 0.008 | 0.015 | 0.020 | 0.032 | 0.007  | 37478.000 | 1266538.000 | 6426332222.000 | 328914.537 |
| 1861  | 0   | 1861  | 0   | 0   | 0   | GET    | /posts/*           | 0.002 | 0.380 | 123.156 | 0.066 | 0.261 | 0.298 | 0.348 | 0.089  | 704.000   | 5800.000    | 3379222.000    | 1815.810   |
| 277   | 0   | 277   | 0   | 0   | 0   | GET    | /@                 | 0.037 | 0.312 | 50.116  | 0.181 | 0.242 | 0.258 | 0.296 | 0.047  | 1714.000  | 5289.000    | 869613.000     | 3139.397   |
| 912   | 0   | 0     | 912 | 0   | 0   | POST   | /login             | 0.001 | 0.075 | 25.582  | 0.028 | 0.044 | 0.052 | 0.064 | 0.014  | 0.000     | 0.000       | 0.000          | 0.000      |
| 236   | 0   | 0     | 118 | 118 | 0   | POST   | /                  | 0.001 | 0.115 | 6.958   | 0.029 | 0.076 | 0.087 | 0.109 | 0.029  | 0.000     | 0.000       | 0.000          | 0.000      |
| 138   | 0   | 0     | 138 | 0   | 0   | POST   | /register          | 0.015 | 0.127 | 5.657   | 0.041 | 0.057 | 0.065 | 0.107 | 0.015  | 0.000     | 0.000       | 0.000          | 0.000      |
| 2108  | 0   | 2108  | 0   | 0   | 0   | GET    | /favicon.ico       | 0.000 | 0.031 | 4.574   | 0.002 | 0.005 | 0.008 | 0.013 | 0.003  | 43.000    | 43.000      | 90644.000      | 43.000     |
| 2108  | 0   | 2108  | 0   | 0   | 0   | GET    | /js/timeago.min.js | 0.001 | 0.044 | 4.544   | 0.002 | 0.005 | 0.008 | 0.015 | 0.003  | 1915.000  | 1915.000    | 4036820.000    | 1915.000   |
| 2108  | 0   | 2108  | 0   | 0   | 0   | GET    | /css/style.css     | 0.000 | 0.034 | 4.301   | 0.002 | 0.005 | 0.007 | 0.014 | 0.003  | 1549.000  | 1549.000    | 3265292.000    | 1549.000   |
| 2108  | 0   | 2108  | 0   | 0   | 0   | GET    | /js/main.js        | 0.000 | 0.028 | 4.229   | 0.002 | 0.005 | 0.007 | 0.012 | 0.003  | 1824.000  | 1824.000    | 3844992.000    | 1824.000   |
| 133   | 0   | 0     | 133 | 0   | 0   | POST   | /comment           | 0.005 | 0.045 | 1.993   | 0.015 | 0.024 | 0.027 | 0.037 | 0.007  | 0.000     | 0.000       | 0.000          | 0.000      |
| 270   | 0   | 270   | 0   | 0   | 0   | GET    | /login             | 0.001 | 0.044 | 1.135   | 0.004 | 0.009 | 0.013 | 0.020 | 0.005  | 615.000   | 615.000     | 166050.000     | 615.000    |
| 138   | 0   | 0     | 0   | 138 | 0   | GET    | /admin/banned      | 0.001 | 0.032 | 0.879   | 0.006 | 0.013 | 0.017 | 0.029 | 0.005  | 0.000     | 0.000       | 0.000          | 0.000      |
| 135   | 0   | 0     | 135 | 0   | 0   | GET    | /logout            | 0.005 | 0.037 | 0.640   | 0.005 | 0.010 | 0.018 | 0.032 | 0.006  | 24.000    | 24.000      | 3240.000       | 24.000     |
| 1     | 0   | 1     | 0   | 0   | 0   | GET    | /initialize        | 0.317 | 0.317 | 0.317   | 0.317 | 0.317 | 0.317 | 0.317 | 0.000  | 0.000     | 0.000       | 0.000          | 0.000      |
+-------+-----+-------+-----+-----+-----+--------+--------------------+-------+-------+---------+-------+-------+-------+-------+--------+-----------+-------------+----------------+------------+
