+-------+-----+-------+------+-----+-----+--------+--------------------+-------+-------+---------+-------+-------+-------+-------+--------+-----------+-------------+----------------+------------+
| COUNT | 1XX |  2XX  | 3XX  | 4XX | 5XX | METHOD |        URI         |  MIN  |  MAX  |   SUM   |  AVG  |  P90  |  P95  |  P99  | STDDEV | MIN(BODY) |  MAX(BODY)  |   SUM(BODY)    | AVG(BODY)  |
+-------+-----+-------+------+-----+-----+--------+--------------------+-------+-------+---------+-------+-------+-------+-------+--------+-----------+-------------+----------------+------------+
| 1538  | 0   | 1538  | 0    | 0   | 0   | GET    | /                  | 0.020 | 0.289 | 190.467 | 0.124 | 0.167 | 0.191 | 0.230 | 0.033  | 2628.000  | 6074.000    | 4841846.000    | 3148.144   |
| 23797 | 0   | 23797 | 0    | 0   | 0   | GET    | /image/*           | 0.000 | 0.101 | 151.430 | 0.006 | 0.012 | 0.015 | 0.023 | 0.005  | 35015.000 | 1156496.000 | 7913187740.000 | 332528.795 |
| 2221  | 0   | 2221  | 0    | 0   | 0   | GET    | /posts/*           | 0.002 | 0.491 | 122.899 | 0.055 | 0.218 | 0.248 | 0.283 | 0.073  | 708.000   | 5786.000    | 4063515.000    | 1829.588   |
| 323   | 0   | 323   | 0    | 0   | 0   | GET    | /@                 | 0.024 | 0.271 | 52.816  | 0.164 | 0.216 | 0.235 | 0.264 | 0.041  | 1700.000  | 5370.000    | 1040587.000    | 3221.632   |
| 1124  | 0   | 0     | 1124 | 0   | 0   | POST   | /login             | 0.001 | 0.067 | 29.048  | 0.026 | 0.040 | 0.045 | 0.054 | 0.012  | 0.000     | 0.000       | 0.000          | 0.000      |
| 294   | 0   | 0     | 147  | 147 | 0   | POST   | /                  | 0.001 | 0.118 | 8.594   | 0.029 | 0.078 | 0.091 | 0.117 | 0.030  | 0.000     | 0.000       | 0.000          | 0.000      |
| 182   | 0   | 0     | 182  | 0   | 0   | POST   | /register          | 0.013 | 0.154 | 7.381   | 0.041 | 0.054 | 0.058 | 0.123 | 0.015  | 0.000     | 0.000       | 0.000          | 0.000      |
| 2500  | 0   | 2500  | 0    | 0   | 0   | GET    | /css/style.css     | 0.000 | 0.026 | 4.347   | 0.002 | 0.004 | 0.005 | 0.010 | 0.002  | 1549.000  | 1549.000    | 3872500.000    | 1549.000   |
| 2500  | 0   | 2500  | 0    | 0   | 0   | GET    | /js/timeago.min.js | 0.000 | 0.018 | 4.259   | 0.002 | 0.004 | 0.006 | 0.010 | 0.002  | 1915.000  | 1915.000    | 4787500.000    | 1915.000   |
| 2500  | 0   | 2500  | 0    | 0   | 0   | GET    | /js/main.js        | 0.000 | 0.023 | 4.190   | 0.002 | 0.004 | 0.005 | 0.010 | 0.002  | 1824.000  | 1824.000    | 4560000.000    | 1824.000   |
| 2500  | 0   | 2500  | 0    | 0   | 0   | GET    | /favicon.ico       | 0.000 | 0.021 | 4.045   | 0.002 | 0.004 | 0.005 | 0.009 | 0.002  | 43.000    | 43.000      | 107500.000     | 43.000     |
| 159   | 0   | 0     | 159  | 0   | 0   | POST   | /comment           | 0.007 | 0.043 | 2.369   | 0.015 | 0.023 | 0.027 | 0.040 | 0.006  | 0.000     | 0.000       | 0.000          | 0.000      |
| 326   | 0   | 326   | 0    | 0   | 0   | GET    | /login             | 0.001 | 0.022 | 1.100   | 0.003 | 0.007 | 0.009 | 0.013 | 0.003  | 615.000   | 615.000     | 200490.000     | 615.000    |
| 182   | 0   | 0     | 0    | 182 | 0   | GET    | /admin/banned      | 0.001 | 0.025 | 1.028   | 0.006 | 0.011 | 0.015 | 0.023 | 0.004  | 0.000     | 0.000       | 0.000          | 0.000      |
| 163   | 0   | 0     | 163  | 0   | 0   | GET    | /logout            | 0.001 | 0.018 | 0.581   | 0.004 | 0.007 | 0.010 | 0.017 | 0.003  | 24.000    | 24.000      | 3912.000       | 24.000     |
| 1     | 0   | 1     | 0    | 0   | 0   | GET    | /initialize        | 0.385 | 0.385 | 0.385   | 0.385 | 0.385 | 0.385 | 0.385 | 0.000  | 0.000     | 0.000       | 0.000          | 0.000      |
+-------+-----+-------+------+-----+-----+--------+--------------------+-------+-------+---------+-------+-------+-------+-------+--------+-----------+-------------+----------------+------------+
