+-------+-----+-------+------+-----+-----+--------+--------------------+-------+-------+---------+-------+-------+-------+-------+--------+-----------+-------------+-----------------+------------+
| COUNT | 1XX |  2XX  | 3XX  | 4XX | 5XX | METHOD |        URI         |  MIN  |  MAX  |   SUM   |  AVG  |  P90  |  P95  |  P99  | STDDEV | MIN(BODY) |  MAX(BODY)  |    SUM(BODY)    | AVG(BODY)  |
+-------+-----+-------+------+-----+-----+--------+--------------------+-------+-------+---------+-------+-------+-------+-------+--------+-----------+-------------+-----------------+------------+
| 2074  | 0   | 2074  | 0    | 0   | 0   | GET    | /                  | 0.019 | 0.257 | 232.806 | 0.112 | 0.154 | 0.180 | 0.214 | 0.033  | 2567.000  | 6072.000    | 6471530.000     | 3120.313   |
| 2898  | 0   | 2898  | 0    | 0   | 0   | GET    | /posts/*           | 0.002 | 0.384 | 153.468 | 0.053 | 0.202 | 0.225 | 0.262 | 0.070  | 706.000   | 5786.000    | 5518827.000     | 1904.357   |
| 399   | 0   | 399   | 0    | 0   | 0   | GET    | /@                 | 0.047 | 0.425 | 58.695  | 0.147 | 0.195 | 0.213 | 0.251 | 0.043  | 1348.000  | 5373.000    | 1274484.000     | 3194.195   |
| 1477  | 0   | 0     | 1477 | 0   | 0   | POST   | /login             | 0.001 | 0.101 | 37.776  | 0.026 | 0.041 | 0.046 | 0.058 | 0.013  | 0.000     | 0.000       | 0.000           | 0.000      |
| 36592 | 0   | 36592 | 0    | 0   | 0   | GET    | /image/*           | 0.000 | 0.052 | 20.242  | 0.001 | 0.001 | 0.004 | 0.011 | 0.002  | 34363.000 | 1266521.000 | 12288348693.000 | 335820.635 |
| 320   | 0   | 0     | 160  | 160 | 0   | POST   | /                  | 0.001 | 0.176 | 8.558   | 0.027 | 0.072 | 0.081 | 0.107 | 0.029  | 0.000     | 0.000       | 0.000           | 0.000      |
| 201   | 0   | 0     | 201  | 0   | 0   | POST   | /register          | 0.013 | 0.162 | 8.088   | 0.040 | 0.058 | 0.069 | 0.095 | 0.017  | 0.000     | 0.000       | 0.000           | 0.000      |
| 182   | 0   | 0     | 182  | 0   | 0   | POST   | /comment           | 0.005 | 0.126 | 2.550   | 0.014 | 0.024 | 0.030 | 0.064 | 0.012  | 0.000     | 0.000       | 0.000           | 0.000      |
| 516   | 0   | 516   | 0    | 0   | 0   | GET    | /login             | 0.001 | 0.028 | 1.710   | 0.003 | 0.008 | 0.012 | 0.017 | 0.004  | 615.000   | 615.000     | 317340.000      | 615.000    |
| 258   | 0   | 0     | 258  | 0   | 0   | GET    | /logout            | 0.001 | 0.029 | 1.174   | 0.005 | 0.012 | 0.015 | 0.025 | 0.005  | 24.000    | 24.000      | 6192.000        | 24.000     |
| 201   | 0   | 0     | 0    | 201 | 0   | GET    | /admin/banned      | 0.001 | 0.027 | 0.923   | 0.005 | 0.009 | 0.013 | 0.021 | 0.004  | 0.000     | 0.000       | 0.000           | 0.000      |
| 1     | 0   | 1     | 0    | 0   | 0   | GET    | /initialize        | 0.329 | 0.329 | 0.329   | 0.329 | 0.329 | 0.329 | 0.329 | 0.000  | 0.000     | 0.000       | 0.000           | 0.000      |
| 3503  | 0   | 3503  | 0    | 0   | 0   | GET    | /favicon.ico       | 0.000 | 0.000 | 0.000   | 0.000 | 0.000 | 0.000 | 0.000 | 0.000  | 43.000    | 43.000      | 150629.000      | 43.000     |
| 3503  | 0   | 3503  | 0    | 0   | 0   | GET    | /js/timeago.min.js | 0.000 | 0.000 | 0.000   | 0.000 | 0.000 | 0.000 | 0.000 | 0.000  | 1915.000  | 1915.000    | 6708245.000     | 1915.000   |
| 3503  | 0   | 3503  | 0    | 0   | 0   | GET    | /js/main.js        | 0.000 | 0.000 | 0.000   | 0.000 | 0.000 | 0.000 | 0.000 | 0.000  | 1824.000  | 1824.000    | 6389472.000     | 1824.000   |
| 3503  | 0   | 3503  | 0    | 0   | 0   | GET    | /css/style.css     | 0.000 | 0.000 | 0.000   | 0.000 | 0.000 | 0.000 | 0.000 | 0.000  | 1549.000  | 1549.000    | 5426147.000     | 1549.000   |
+-------+-----+-------+------+-----+-----+--------+--------------------+-------+-------+---------+-------+-------+-------+-------+--------+-----------+-------------+-----------------+------------+
